# Age_min    Age_max    SFR    err_SFR    SFR_times_area   err_SFR_times_area      Z       err_Z 
0.03   0.06    0.551904400698    0.230875265786    4077456.42003    1705700.90312    0.0124952598213    0.00538396012136 
0.06   0.0700000000001    0.473288537006    0.218681366072    3496644.3125    1615612.66572    0.0126115581935    0.00538734568076 
0.0700000000001   0.08    0.397727347497    0.190357380415    2938400.06426    1406355.74185    0.0128594184884    0.00523945092012 
0.08   0.0900000000001    0.348448856595    0.186553838348    2574331.76032    1378255.26466    0.0134592780826    0.00507549424534 
0.0900000000001   0.1    0.304174384366    0.159107280421    2247233.02582    1175480.75574    0.0144535333104    0.00476845841785 
0.1   0.15    0.26720577479    0.109075847256    1974109.82864    805849.732491    0.0149365334742    0.00410216880336 
0.15   0.18    0.293772966672    0.135700687999    2170387.60241    1002553.41466    0.0148644908948    0.00375897608299 
0.18   0.2    0.35025794294    0.186679484131    2587697.24666    1379183.53269    0.0146640210863    0.00361306310633 
0.2   0.22    0.414881659327    0.23808506709    3065135.7069    1758966.74151    0.0140317359467    0.00364976467198 
0.22   0.25    0.506029346912    0.29152048434    3738532.62753    2153746.31719    0.0136904713341    0.00390367343364 
0.25   0.26    0.628126976931    0.427423784348    4640586.97746    3157796.62449    0.0126921694814    0.0043155350393 
0.26   0.28    0.734307617035    0.445902330196    5425046.98924    3294315.67617    0.0124315079639    0.00436572064615 
0.28   0.3    0.824159167184    0.442937177723    6088868.07772    3272409.20111    0.0120680552809    0.00456994722776 
0.3   0.32    0.921388234191    0.428269025112    6807194.08305    3164041.24289    0.011848443671    0.00484376507879 
0.32   0.34    0.997735733633    0.395337553356    7371247.57014    2920744.3227    0.0117277285902    0.00510676151356 
0.34   0.39    1.04970388661    0.291921705904    7755187.03272    2156710.53244    0.011748188285    0.0051942300847 
0.39   0.42    1.10673875391    0.279282651431    8176559.25866    2063333.5024    0.0114517953296    0.00524570307424 
0.42   0.45    1.1389906187    0.278373050179    8414835.25898    2056613.39026    0.0110853116331    0.00520407007294 
0.45   0.48    1.13584984651    0.28605029953    8391631.30965    2113332.72356    0.0108870631741    0.00509126969777 
0.48   0.51    1.11973194864    0.28445883776    8272552.6684    2101575.04233    0.0104657342065    0.00486596699193 
0.51   0.599999999999    1.10506759044    0.269321667388    8164212.74323    1989741.99219    0.0100978625549    0.00461867566544 
0.599999999999   0.650000000001    1.05975746209    0.274895580965    7829462.60621    2030921.93146    0.0100047201207    0.00461938758214 
0.650000000001   0.7    1.06111050171    0.283427593972    7839458.83036    2093956.23806    0.0097808570686    0.00465096447762 
0.7   0.75    1.10631036923    0.315004004998    8173394.36296    2327242.00222    0.00945057772605    0.00465866843328 
0.75   0.8    1.19756377499    0.351682218992    8847572.32694    2598219.76383    0.00918345047941    0.00463644307209 
0.8   0.88    1.29704300065    0.389084307266    9582522.4502    2874545.49119    0.0090475012289    0.00466986219327 
0.88   0.94    1.46056262156    0.417506323234    10790601.4712    3084526.66064    0.00875518258403    0.0044222731048 
0.94   1.0    1.57558066157    0.413517977549    11640351.9807    3055060.85877    0.008487697119    0.00422419075977 
1.0   1.06    1.68234768298    0.400582921939    12429144.1634    2959496.97945    0.00835431472368    0.00400192669518 
1.06   1.12    1.75833270865    0.387006945606    12990519.703    2859197.99328    0.00831567742264    0.00379016029426 
1.12   1.18    1.84681548706    0.411857647025    13644228.3388    3042794.37685    0.00843693519863    0.00362484900021 
1.18   1.24    1.8429414466    0.42348589931    13615607.0212    3128703.62467    0.00847950047179    0.00346139772978 
1.24   1.3    1.91603324404    0.432602005433    14155607.4603    3196053.19715    0.00848707532192    0.00323898619673 
1.3   1.36    1.99129711405    0.457563425461    14711655.1192    3380467.56714    0.008533987242    0.00309953019148 
1.36   1.42    2.06487973091    0.488296385234    15255281.7204    3607521.93375    0.008451428636    0.00299207371163 
1.42   1.48    2.11326160618    0.533922955619    15612725.8497    3944609.93686    0.00840403758468    0.00292658217835 
1.48   1.54    2.27436509083    0.534162091668    16802954.5141    3946376.66823    0.00810453677389    0.00294429619125 
1.54   1.6    2.38122864073    0.559805093152    17592459.8471    4135826.5456    0.00799041342019    0.00306757304209 
1.6   1.66    2.48650083917    0.609014691084    18370208.3137    4499385.86994    0.00773756603592    0.00328624475244 
1.66   1.72    2.62201149931    0.646161805958    19371357.8071    4773827.85995    0.00755514077305    0.0036306014001 
1.72   1.78    2.7644391265    0.70783427853    20423609.6865    5229462.60197    0.00754372044275    0.00405028081159 
1.78   1.84    2.88157729183    0.737902432406    21289023.6308    5451605.39862    0.00758166927515    0.00440381609949 
1.84   1.9    3.00005731446    0.745619578554    22164351.1844    5508619.4885    0.00774901574692    0.00463241000752 
1.9   1.96    3.12915450626    0.751501360636    23118118.1282    5552073.95287    0.00799201382022    0.00472360597106 
1.96   2.02    3.24060859239    0.755760249782    23941538.2322    5583538.5233    0.00811050077124    0.00469470469583 
2.02   2.08    3.35199155108    0.768526101856    24764432.8485    5677852.33097    0.00818589670428    0.00452957251098 
2.08   2.14    3.37187036752    0.762247569367    24911297.0655    5631466.68416    0.00811140479244    0.00430989733709 
2.14   2.2    3.36630056875    0.757724238112    24870147.5263    5598048.42178    0.00791090221316    0.00405677648641 
2.2   2.26    3.2640219544    0.760715533568    24114515.5869    5620148.04057    0.00769063236283    0.00377661975173 
2.26   2.32    3.0898024461    0.791026170143    22827386.0556    5844082.29357    0.0075139998983    0.00348580488962 
2.32   2.44    2.84601283943    0.737740641375    21026274.313    5450410.09039    0.00726911863583    0.00326610711521 
2.44   2.52    2.62437464452    0.743969361848    19388816.667    5496427.72723    0.00711823128253    0.00318694536887 
2.52   2.6    2.37342961395    0.697552223671    17534840.8251    5153499.0283    0.00694750631402    0.00326279076994 
2.6   2.68    2.14107830816    0.668053426807    15818234.974    4935562.62754    0.0068353048529    0.00359124201213 
2.68   2.76    1.91606261984    0.642075505342    14155824.488    4743638.36942    0.00677918491189    0.00429669608502 
2.76   2.84    1.73664997499    0.624648981478    12830328.189    4614891.63082    0.00687684716957    0.00517377914762 
2.84   2.92    1.52009741653    0.615669288094    11230443.1026    4548549.87237    0.00772051902117    0.00595798759231 
2.92   3.0    1.31743052958    0.613081698578    9733145.02288    4529432.82335    0.00867076903954    0.00657236378943 
3.0   3.08    1.1157529318    0.607048601285    8243155.78781    4484860.44585    0.0105452569963    0.00687822919197 
3.08   3.16    0.925843257361    0.600258820795    6840107.68694    4434697.71112    0.0119568567183    0.0070163921644 
3.16   3.3    0.708361336701    0.52384425531    5233356.49504    3870148.74172    0.0130911575426    0.00694748738608 
3.3   3.4    0.552979993661    0.494482331753    4085402.87494    3653223.55765    0.0122435204281    0.00688824489934 
3.4   3.5    0.435671162711    0.454851891815    3218728.0572    3360434.82186    0.00938643572692    0.00631620373248 
3.5   3.6    0.364352156399    0.42518486987    2691824.95625    3141255.57824    0.00704012639346    0.00563181363603 
3.6   3.7    0.341212534187    0.438083385501    2520869.98465    3236549.50108    0.0056590574449    0.00438786605796 
3.7   3.8    0.384244744934    0.490967135821    2838790.92124    3627253.37476    0.00517557899733    0.00236956697385 
3.8   3.9    0.454171430619    0.511530590678    3355407.59094    3779175.68399    0.00505503539808    0.00192026617774 
3.9   4.0    0.504693785989    0.530484394635    3728665.5356    3919205.93113    0.00489379474199    0.00169020549532 
4.0   4.1    0.580116859071    0.564601030911    4285889.38301    4171258.81825    0.00477896257917    0.00175638945233 
4.1   4.2    0.640821046504    0.569472133719    4734370.45774    4207246.40848    0.00474148722788    0.00191310548232 
4.2   4.3    0.65476202626    0.63263248743    4837366.08041    4673873.58051    0.00475739715346    0.00213662811393 
4.3   4.4    0.668727583341    0.646860918612    4940543.27977    4778992.8874    0.00468883901078    0.00255376327075 
4.4   4.5    0.731096268984    0.667615661746    5401321.62719    4932328.42981    0.00472457383876    0.00287941515479 
4.5   4.6    0.764861507511    0.669347554936    5650778.39621    4945123.61499    0.00492158774373    0.00307590868256 
4.6   4.7    0.813743256414    0.691422764982    6011915.57981    5108214.73513    0.00505764010916    0.00341748546503 
4.7   4.8    0.953124082759    0.791882543904    7041657.76793    5850409.16229    0.00513257329634    0.00360005085119 
4.8   4.9    1.10940625137    0.834059258624    8196266.66562    6162009.71484    0.00547266465899    0.00388424149796 
4.9   5.0    1.18039839305    0.846467636531    8720754.89857    6253682.51196    0.00570310135773    0.0039752066536 
5.0   5.1    1.24202620618    0.855892138642    9176059.69773    6323310.50658    0.00590998180657    0.00408301570172 
5.1   5.2    1.2471412579    0.889524666698    9213849.57664    6571786.81383    0.00614164769164    0.00400997078882 
5.2   5.3    1.15155046318    0.902284646369    8507627.08746    6666057.23633    0.00647690593095    0.00398114974546 
5.3   5.4    0.967380426461    0.858481592515    7146983.29185    6342441.32943    0.00634717860634    0.00383379315995 
5.4   5.5    0.848673308726    0.822190158903    6269977.96502    6074321.09196    0.00584317831253    0.00370763219898 
5.5   5.6    0.748218691972    0.766641117358    5527821.67583    5663926.11089    0.00521601162797    0.00337324153751 
5.6   5.70000000001    0.692736649214    0.723942969098    5117921.6802    5348473.21991    0.00453414827078    0.00308078615944 
5.70000000001   5.92    0.669507101712    0.547301529908    4946302.34272    4043450.5215    0.00416861012391    0.00264533694565 
5.92   6.06    0.697829124555    0.557145735223    5155544.76537    4116179.27327    0.00383426381599    0.00225424098945 
6.06   6.20000000001    0.724227322316    0.572664421212    5350574.01464    4230830.95159    0.00350265640979    0.00200028872177 
6.20000000001   6.34    0.74986327466    0.572628707732    5539971.81313    4230567.10127    0.00340246345777    0.00166043946731 
6.34   6.48    0.799973409882    0.596316157528    5910184.28527    4405569.40985    0.00331107199964    0.00141411459599 
6.48   6.67999999999    0.836496268666    0.624757222529    6180014.28634    4615691.3131    0.00325215524304    0.00133988541531 
6.67999999999   6.84    0.872782570195    0.633332945024    6448096.60809    4679048.54435    0.00315356438608    0.00128959302096 
6.84   7.0    0.918586208666    0.637122646531    6786492.78597    4707046.76781    0.00303409035692    0.00121282184567 
7.0   7.16    0.981435046166    0.643160126719    7250818.48373    4751651.52603    0.00294458378299    0.00122987507557 
7.16   7.32000000001    1.02168713905    0.659485517068    7548199.9765    4872263.11674    0.00279247091594    0.00122896342669 
7.32000000001   7.6    1.10027262299    0.693769950312    8128787.63916    5125555.68382    0.00272724465639    0.00127306807845 
7.6   7.79999999999    1.12761306905    0.688756788263    8330778.19621    5088518.56334    0.00264011226813    0.00130201992237 
7.79999999999   8.0    1.1122411499    0.680797848392    8217210.82769    5029718.10726    0.00250616824965    0.0014055947612 
8.0   8.20000000001    1.09254481771    0.680367297449    8071694.7999    5026537.20726    0.00244386226107    0.0015287933577 
8.20000000001   8.40000000001    1.05745259515    0.694411271902    7812434.3048    5130293.75228    0.00236250148316    0.00162033200179 
8.40000000001   8.59999999999    0.970376071502    0.670473674062    7169115.04527    4953443.35597    0.00231731115845    0.00183047003452 
8.59999999999   8.79999999999    0.895292932945    0.646201244501    6614402.62595    4774119.23096    0.00229635029691    0.00202649318877 
8.79999999999   9.0    0.844750096089    0.641422190674    6240993.36455    4738811.69639    0.00227994824479    0.00225237814077 
9.0   9.20000000001    0.774893422048    0.61775130835    5724893.9392    4563931.78788    0.00226110505291    0.00252974455751 
9.20000000001   9.40000000001    0.724977231716    0.592480568757    5356114.32723    4377232.1724    0.00216635120094    0.00273710470261 
9.40000000001   9.59999999999    0.760988882921    0.614608633907    5622167.539    4540713.78478    0.00209840722765    0.00282013339963 
9.59999999999   9.79999999999    0.817837114257    0.637502936693    6042160.90296    4709856.34236    0.00195990496477    0.00276083554159 
9.79999999999   10.0    0.891093991028    0.650294679165    6583380.94419    4804361.42767    0.00190691406713    0.00260282534875 
10.0   10.2    0.954515866686    0.652712138181    7051940.23407    4822221.55665    0.00183978088786    0.0023508785956 
10.2   10.4    1.04792320696    0.641198715951    7742031.41432    4737160.67051    0.00178177578014    0.00209893240747 
10.4   10.6    1.07454990468    0.613083303078    7938748.81581    4529444.67736    0.00165594309187    0.00189185872409 
10.6   10.8    1.05023685776    0.624892408215    7759124.61072    4616690.06169    0.00160947922729    0.00175038251397 
10.8   11.0    1.00937117958    0.625472381583    7457209.96459    4620974.89096    0.00157629260906    0.00160028165911 
11.0   11.2    1.01690008491    0.619175113875    7512833.33585    4574450.82881    0.00151310152723    0.00144857362405 
11.2   11.4    1.00699918249    0.619029745282    7439685.70718    4573376.84914    0.00144667630956    0.00135018927944 
11.4   11.6    1.04187856047    0.610432840655    7697373.71167    4509863.12481    0.00131276251928    0.00114377044642 
11.6   11.8    1.16288189956    0.637695611917    8591343.46658    4711279.82228    0.00122293897292    0.0015136120167 
11.8   12.0    1.34550749772    0.666516633434    9940576.98729    4924208.83511    0.00117186008012    0.00184951776119 
12.0   12.2    1.53266578077    0.699739675692    11323297.8749    5169659.87115    0.0010998550741    0.00187090859781 
12.2   12.4    1.70917456355    0.716090181581    12627340.5109    5290457.01487    0.00106659330911    0.00218663432908 
12.4   12.6    1.88363866221    0.764812120924    13916277.07    5650413.52929    0.00106193872996    0.00217188239814 
12.6   12.8    2.27722332511    0.91841693352    16824071.0802    6785242.18526    0.00106941498528    0.00423898817427 
12.8   13.0    2.6275866537    0.975119211399    19412546.9135    7204157.24859    0.0010543751801    0.00534420324657 
13.0   13.2    2.95253377867    0.958098083137    21813248.4466    7078405.56293    0.00111002390006    0.00631441659557 
13.2   13.4    3.30522966051    0.872548114281    24418957.1271    6446364.45345    0.00114380914982    0.00706863215942 
13.4   13.9    3.64232066599    0.811649499118    26909377.357    5996446.95134    0.0012147462808    0.0079305076079 
